00015.84,31370.47,-0001.31,-2595.76
00013.43,-0104.45,-0000.89,00018.33
00011.24,-0100.43,-0000.66,00010.60
00009.18,-0094.52,-0000.35,00014.21
00007.08,-0094.78,-0000.03,00014.40
00004.90,-0098.27,-0000.01,00001.00
00002.75,-0096.98,00000.06,00002.81
00000.66,-0095.84,00000.28,00010.46
-0001.52,-0098.10,00000.43,00006.41
-0003.67,-0098.25,00000.54,00005.15
-0005.84,-0097.43,00000.71,00007.63
-0008.06,-0102.03,00000.89,00008.38
-0010.40,-0105.72,00001.02,00005.74
-0012.71,-0105.88,00001.17,00007.05
-0015.04,-0104.38,00001.46,00012.78
-0017.26,-0102.57,00001.57,00005.27
-0019.37,-0097.30,00001.57,00000.06
-0021.45,-0092.84,00001.62,00002.10
-0023.51,-0093.92,00001.82,00008.92
-0025.55,-0091.37,00001.97,00006.77
-0027.53,-0090.92,00002.23,00012.26
-0029.33,-0081.08,00002.68,00020.22
-0030.93,-0073.71,00002.86,00008.04
-0032.49,-0071.61,00002.77,-0004.01
-0033.92,-0064.29,00002.52,-0011.20
-0035.26,-0061.33,00002.16,-0016.68
-0036.52,-0056.82,00001.86,-0013.39
-0037.82,-0057.19,00001.70,-0007.21
-0038.98,-0052.00,00001.87,00007.95
-0040.03,-0047.83,00002.13,00011.73
-0041.00,-0044.81,00002.49,00016.72
-0042.08,-0048.70,00002.66,00007.43
-0043.14,-0048.45,00003.00,00015.81
-0044.22,-0048.65,00003.32,00014.40
-0045.31,-0049.92,00003.54,00009.81
-0046.56,-0056.32,00003.56,00000.86
-0047.67,-0050.98,00003.94,00017.51
-0048.76,-0049.07,00004.31,00016.64
-0049.80,-0046.77,00004.69,00017.40
-0050.78,-0044.23,00005.18,00022.24
-0051.56,-0035.87,00005.53,00016.00
-0052.41,-0039.27,00005.91,00017.29
-0053.23,-0035.63,00006.36,00019.89
-0053.93,-0031.24,00006.85,00021.55
-0054.49,-0025.66,00007.35,00022.96
-0055.03,-0024.43,00007.86,00023.27
-0055.49,-0021.06,00008.29,00019.42
-0055.91,-0019.34,00008.53,00011.16
-0056.42,-0022.89,00008.63,00004.14
-0056.87,-0020.62,00008.30,-0015.10
-0057.32,-0019.96,00007.68,-0027.01
-0057.72,-0017.83,00007.12,-0025.24
-0058.17,-0020.21,00006.47,-0029.45
-0058.45,-0012.90,00005.87,-0027.63
-0058.72,-0012.18,00005.42,-0020.35
-0058.93,-0009.70,00005.05,-0016.89
-0059.03,-0004.60,00004.70,-0015.39
-0059.03,-0000.11,00004.32,-0017.61
-0058.90,00006.12,00003.94,-0017.19
-0058.68,00010.23,00003.53,-0019.05
-0058.32,00016.36,00003.20,-0015.02
-0057.77,00024.61,00002.86,-0014.99
-0057.09,00031.07,00002.60,-0011.84
-0056.30,00035.69,00002.57,-0001.43
-0055.44,00039.58,00002.53,-0002.20
-0054.47,00043.48,00002.46,-0002.74
-0053.54,00042.90,00002.40,-0002.80
-0052.57,00043.61,00002.42,00000.59
-0051.65,00042.45,00002.54,00005.47
-0050.72,00041.83,00002.75,00009.51
-0049.83,00039.80,00002.92,00007.67
-0048.95,00039.79,00003.08,00007.33
-0048.13,00037.87,00003.36,00012.92
-0047.28,00039.36,00003.66,00014.03
-0046.29,00044.27,00003.83,00007.53
-0045.34,00043.19,00003.82,-0000.43
-0044.36,00043.90,00003.84,00000.80
-0043.27,00049.74,00003.67,-0007.60
-0042.14,00050.76,00003.19,-0021.86
-0040.99,00051.93,00002.56,-0028.03
-0039.77,00055.24,00001.83,-0033.06
-0038.52,00057.30,00001.02,-0037.22
-0037.35,00052.95,00000.51,-0023.03
-0036.35,00045.90,00000.05,-0021.45
-0035.32,00047.31,-0000.26,-0014.22
-0034.42,00041.68,-0000.51,-0011.23
-0033.60,00037.85,-0000.55,-0001.86
-0032.85,00034.72,-0000.70,-0007.30
-0032.09,00033.85,-0000.79,-0004.02
-0031.29,00035.55,-0001.00,-0009.15
-0030.52,00034.36,-0001.23,-0010.49
-0029.71,00037.01,-0001.27,-0001.47
-0028.77,00042.42,-0001.40,-0006.15
-0027.74,00047.39,-0001.70,-0013.50
-0026.73,00046.89,-0001.85,-0007.11
-0025.69,00048.27,-0002.01,-0007.40
-0024.60,00049.99,-0002.32,-0014.40
-0023.43,00052.74,-0002.66,-0015.16
-0022.19,00056.57,-0003.08,-0019.37
-0020.96,00055.09,-0003.73,-0029.05
-0019.76,00055.10,-0004.27,-0024.76
-0018.46,00058.81,-0004.53,-0011.73
-0017.18,00058.79,-0004.83,-0013.75
-0015.93,00057.52,-0005.16,-0015.09
-0014.62,00058.51,-0005.31,-0006.94
-0013.33,00059.35,-0005.48,-0007.69
-0012.07,00057.26,-0005.68,-0009.07
-0010.85,00055.80,-0005.77,-0004.25
-0009.59,00056.27,-0005.88,-0004.75
-0008.43,00053.61,-0006.04,-0007.35
-0007.12,00059.24,-0006.16,-0005.28
-0005.89,00056.41,-0006.12,00001.55
-0004.45,00064.38,-0006.14,-0000.57
-0003.15,00059.13,-0006.14,-0000.16
-0001.77,00062.40,-0006.19,-0002.35
-0000.44,00061.21,-0006.28,-0004.18
00000.90,00061.40,-0006.36,-0003.57
00002.41,00067.80,-0006.26,00004.44
00003.77,00061.73,-0006.29,-0001.47
00005.09,00060.17,-0006.38,-0004.02
00006.43,00061.37,-0006.38,00000.13
00007.78,00061.97,-0006.33,00002.04
00009.12,00060.19,-0006.38,-0001.97
00010.39,00057.20,-0006.45,-0003.16
00011.54,00051.79,-0006.55,-0004.63
00012.80,00057.94,-0006.53,00000.98
00014.05,00056.13,-0006.59,-0002.73
00015.39,00060.98,-0006.54,00002.17
00016.83,00066.59,-0006.49,00002.43
00018.09,00055.69,-0006.32,00007.58
00019.37,00056.88,-0006.48,-0006.95
00020.65,00057.52,-0006.56,-0003.85
00021.83,00054.35,-0006.55,00000.45
00023.10,00057.25,-0006.47,00003.54
00024.52,00065.32,-0006.49,-0000.85
00025.71,00053.44,-0006.62,-0005.64
00026.94,00055.85,-0006.77,-0006.89
00028.06,00050.08,-0006.87,-0004.43
00029.29,00056.84,-0006.96,-0004.21
00030.41,00050.30,-0007.15,-0008.76
00031.51,00050.49,-0007.13,00001.19
00032.69,00052.85,-0007.21,-0003.85
00033.93,00056.54,-0007.34,-0005.95
00035.07,00052.04,-0007.55,-0009.61
00036.18,00050.89,-0007.72,-0007.39
00037.32,00051.51,-0007.89,-0007.89
00038.59,00057.20,-0007.90,-0000.29
00039.61,00046.70,-0008.10,-0009.11
00040.55,00042.54,-0008.30,-0009.01
00041.56,00046.03,-0008.55,-0011.78
00042.37,00036.34,-0008.61,-0002.40
00043.31,00043.09,-0008.78,-0008.09
00044.17,00039.00,-0008.94,-0007.15
00044.98,00037.09,-0008.99,-0002.41
00045.87,00039.83,-0009.03,-0001.73
00046.72,00038.51,-0009.04,-0000.31
00047.36,00029.43,-0009.11,-0003.12
00048.01,00029.54,-0009.01,00004.62
00048.45,00020.09,-0008.94,00003.12
00049.10,00028.93,-0008.98,-0001.73
00049.75,00030.03,-0008.94,00001.71
00050.21,00021.00,-0008.74,00009.21
00050.23,00001.11,-0008.51,00010.29
00050.14,-0004.19,-0008.16,00016.01
00050.05,-0003.96,-0007.78,00017.01
00049.75,-0013.70,-0007.26,00024.12
00048.82,-0042.24,-0007.00,00011.52
00047.84,-0044.58,-0006.63,00016.82
00046.77,-0048.38,-0006.07,00025.15
00045.66,-0050.08,-0005.49,00026.11
00044.28,-0061.06,-0005.33,00007.37
00042.54,-0076.85,-0004.95,00016.78
00040.48,-0093.60,-0004.55,00017.98
00038.16,-0104.92,-0004.02,00023.98
00035.82,-0105.60,-0003.75,00012.20
00033.76,-0094.28,-0003.55,00009.08
00031.52,-0101.19,-0003.24,00014.32
00029.03,-0113.79,-0002.75,00022.44
00026.65,-0106.49,-0002.48,00011.84
00024.56,-0095.90,-0002.18,00013.79
00022.35,-0099.62,-0001.80,00017.31
00020.02,-0106.87,-0001.18,00028.31
00017.62,-0107.91,-0000.39,00035.66
00015.29,-0105.24,-0000.02,00016.33
00012.63,-0119.64,00000.22,00011.22
00010.17,-0112.73,00000.73,00023.39
00007.73,-0109.84,00001.41,00030.19
00005.34,-0110.00,00001.71,00014.09
00003.07,-0102.56,00001.92,00009.19
00000.96,-0097.12,00002.52,00027.88
-0001.20,-0099.88,00002.86,00015.48
-0003.70,-0112.04,00002.96,00004.71
-0005.93,-0100.92,00003.11,00006.93
-0007.84,-0086.52,00003.61,00022.51
-0009.43,-0072.93,00003.91,00013.66
-0011.09,-0074.31,00004.13,00010.10
-0012.74,-0075.08,00004.41,00012.34
-0014.26,-0070.01,00004.49,00003.99
-0016.02,-0079.55,00004.43,-0003.01
-0017.73,-0078.51,00004.42,-0000.44
-0019.24,-0067.96,00004.40,-0000.97
-0020.81,-0071.06,00004.62,00010.38
-0022.20,-0062.81,00004.95,00014.87
-0023.67,-0067.34,00005.18,00010.30
-0025.04,-0061.80,00005.31,00006.14
-0026.30,-0057.39,00005.21,-0004.89
-0027.80,-0067.38,00005.22,00000.74
-0029.22,-0065.13,00005.35,00005.74
-0030.86,-0075.21,00005.44,00004.26
-0032.44,-0071.35,00005.92,00021.64
-0033.93,-0067.28,00005.97,00002.35
-0035.46,-0068.47,00006.28,00013.71
-0037.04,-0070.06,00006.42,00006.36
-0038.70,-0076.16,00006.46,00001.48
-0040.31,-0073.55,00006.78,00014.85
-0041.84,-0068.41,00007.15,00016.67
-0043.18,-0061.74,00007.42,00012.40
-0044.54,-0060.83,00007.57,00006.77
-0045.92,-0062.36,00007.54,-0001.75
-0047.44,-0068.28,00007.24,-0013.37
-0048.78,-0060.55,00006.98,-0011.68
-0050.06,-0057.82,00006.71,-0012.11
-0051.25,-0054.64,00006.50,-0009.79
-0052.40,-0052.89,00006.32,-0008.38
-0053.53,-0050.69,00006.19,-0005.68
-0054.63,-0050.52,00006.05,-0006.24
-0055.69,-0047.81,00005.82,-0010.53
-0056.60,-0041.57,00005.45,-0017.19
-0057.46,-0038.83,00004.91,-0023.88
-0058.13,-0030.07,00004.42,-0022.34
-0058.69,-0025.41,00004.01,-0018.53
-0059.13,-0019.81,00003.69,-0014.34
-0059.37,-0011.12,00003.46,-0010.41
-0059.49,-0005.24,00003.22,-0011.23
-0059.50,-0000.42,00002.81,-0018.22
-0059.31,00008.27,00002.31,-0022.49
-0058.98,00015.50,00001.75,-0025.65
-0058.54,00019.50,00001.22,-0023.94
-0058.01,00024.21,00000.71,-0022.98
-0057.33,00030.22,00000.32,-0017.66
-0056.53,00037.02,00000.07,-0011.39
-0055.61,00041.17,00000.00,-0002.98
-0054.54,00048.84,00000.02,00000.84
-0053.25,00057.90,00000.19,00007.43
-0051.83,00065.27,00000.41,00010.18
-0050.32,00069.48,00000.84,00020.05
-0048.60,00079.00,00001.25,00018.86
-0046.74,00083.25,00001.30,00002.15
-0044.94,00081.58,00001.31,00000.33
-0043.19,00078.78,00001.43,00005.45
-0041.41,00081.85,00001.49,00002.87
-0039.56,00082.90,00001.60,00004.65
-0037.82,00078.96,00001.77,00007.96
-0036.20,00072.59,00002.14,00016.51
-0034.57,00072.46,00002.55,00018.32
-0033.05,00069.42,00002.79,00011.01
-0031.65,00063.82,00003.12,00015.08
-0030.20,00065.31,00003.48,00016.16
-0028.86,00061.14,00003.50,00000.88
-0027.43,00064.73,00003.37,-0005.97
-0025.89,00070.00,00003.19,-0008.44
-0024.25,00073.59,00002.87,-0014.05
-0022.49,00081.50,00002.70,-0007.96
-0020.62,00086.17,00002.49,-0009.47
-0018.58,00092.03,00002.20,-0013.22
-0016.46,00096.34,00002.19,-0000.68
-0014.02,00108.97,00002.34,00006.90
-0011.63,00110.19,00002.36,00001.06
-0009.29,00105.43,00002.23,-0005.99
-0007.11,00100.36,00001.86,-0016.88
-0004.86,00101.13,00001.51,-0015.86
-0002.61,00101.71,00001.55,00001.84
-0000.41,00099.44,00001.92,00016.73
00001.72,00097.97,00002.53,00027.97
00003.90,00098.23,00003.17,00028.87
00005.93,00091.84,00003.59,00019.01
00007.83,00085.97,00004.06,00021.21
00009.83,00092.15,00004.40,00015.81
00011.73,00087.72,00004.52,00005.31
00013.57,00082.90,00004.57,00002.05
00015.12,00070.35,00004.68,00005.26
00016.90,00080.43,00004.69,00000.60
00018.64,00079.97,00004.68,-0000.47
00020.24,00072.06,00004.82,00006.28
00022.44,00100.79,00004.85,00001.32
00024.48,00091.58,00004.96,00004.93
00026.28,00082.45,00005.17,00009.38
00028.36,00094.51,00005.10,-0002.93
00030.49,00092.54,00005.11,00000.21
00032.51,00090.73,00005.18,00003.20
00034.39,00085.02,00005.25,00003.51
00036.49,00095.67,00005.41,00006.89
00038.59,00096.33,00005.50,00004.27
00040.85,00103.19,00005.58,00003.62
00043.12,00099.71,00005.67,00003.86
00045.34,00098.60,00005.74,00003.19
00047.56,00101.50,00005.72,-0000.64
00049.77,00100.72,00005.74,00000.49
00051.82,00091.70,00005.82,00004.00
00053.77,00089.44,00005.92,00004.55
00055.86,00094.37,00006.00,00003.55
00057.88,00092.61,00006.05,00001.96
00060.00,00095.13,00006.15,00004.75
00062.08,00094.22,00006.19,00001.77
00064.04,00088.88,00006.30,00004.86
00066.02,00091.09,00006.42,00005.58
00067.96,00088.99,00006.52,00004.45
00070.02,00092.88,00006.65,00005.99
00072.13,00095.57,00006.91,00011.99
00074.19,00092.83,00007.14,00010.08
00076.17,00091.04,00007.30,00007.60
00078.14,00088.47,00007.38,00003.60
00080.08,00087.85,00007.39,00000.42
00081.92,00083.14,00007.33,-0002.70
00083.71,00082.49,00007.07,-0012.00
00085.48,00081.32,00006.43,-0029.35
00087.29,00081.47,00005.46,-0043.84
00089.00,00077.09,00004.46,-0045.28
00090.87,00082.85,00003.67,-0034.83
00092.79,00087.83,00001.83,-0084.35
00094.56,00080.08,00000.09,-0078.70
00096.25,00077.29,-0001.33,-0064.73
00097.91,00074.30,-0002.44,-0049.69
00099.49,00072.02,-0003.45,-0046.38
00101.16,00075.41,-0004.30,-0038.03
00102.96,00082.38,-0005.32,-0046.84
00104.94,00088.77,-0006.53,-0054.04
00106.91,00090.39,-0007.79,-0058.01
00109.17,00101.33,-0009.13,-0060.29
00111.35,00100.11,-0010.67,-0070.49
00113.52,00097.43,-0012.24,-0070.27
00115.64,00095.78,-0013.39,-0052.08
00117.40,00080.92,-0014.24,-0038.90
00118.93,00068.72,-0015.08,-0038.12
00119.96,00047.05,-0015.98,-0041.13
00120.64,00031.42,-0016.81,-0037.71
00121.06,00018.51,-0017.38,-0025.71
00121.28,00009.95,-0018.09,-0031.62
00121.14,-0006.25,-0019.00,-0041.22
00121.06,-0003.97,-0019.33,-0014.91
00120.91,-0006.60,-0019.37,-0001.87
00120.54,-0017.04,-0019.64,-0012.35
00119.76,-0035.82,-0019.73,-0004.06
00118.78,-0045.42,-0019.71,00000.59
00117.49,-0057.51,-0019.51,00009.24
00116.10,-0061.50,-0019.46,00002.21
00114.60,-0067.87,-0019.46,-0000.25
00112.87,-0079.30,-0019.41,00002.56
00110.86,-0090.41,-0019.29,00005.26
00108.76,-0096.14,-0019.56,-0012.23
00106.54,-0099.42,-0020.02,-0020.79
00104.13,-0110.49,-0020.42,-0018.26
00101.23,-0130.82,-0020.74,-0014.37
00098.03,-0145.95,-0020.98,-0011.16
00094.63,-0152.35,-0021.07,-0004.05
00091.03,-0165.10,-0021.08,-0000.44
00087.04,-0179.39,-0021.02,00002.70
00082.82,-0193.10,-0021.00,00001.21
00078.32,-0201.87,-0021.20,-0009.22
00073.56,-0215.26,-0021.21,-0000.20
00068.67,-0220.99,-0020.91,00013.44
00063.63,-0231.50,-0020.67,00010.88
00058.25,-0245.43,-0019.78,00040.59
00052.85,-0241.61,-0018.64,00051.32
00047.74,-0234.87,-0017.74,00041.01
00042.33,-0244.23,-0016.71,00046.88
00036.94,-0247.72,-0015.09,00074.39
00031.66,-0236.89,-0013.90,00053.49
00026.12,-0250.14,-0012.86,00046.85
00020.91,-0235.04,-0011.79,00048.16
00016.10,-0221.21,-0010.81,00045.17
00011.47,-0209.11,-0009.81,00044.92
00006.85,-0210.71,-0008.59,00055.85
00002.12,-0211.97,-0008.00,00026.12
-0002.05,-0191.44,-0007.87,00006.01
-0006.43,-0202.73,-0008.07,-0008.96
-0011.37,-0226.60,-0008.12,-0002.29
-0016.55,-0228.19,-0008.10,00000.57
-0021.23,-0207.20,-0007.63,00021.25
-0025.50,-0194.22,-0007.07,00025.44
-0029.43,-0179.70,-0006.29,00035.23
-0032.60,-0142.22,-0004.97,00059.60
-0035.10,-0112.84,-0003.79,00053.32
-0037.31,-0099.91,-0002.72,00047.97
-0039.29,-0090.84,-0001.74,00045.33
-0040.81,-0068.76,-0000.72,00046.15
-0042.05,-0056.73,-0000.09,00028.39
-0043.20,-0051.21,00000.27,00016.27
-0044.37,-0053.58,00000.27,-0000.12
-0045.67,-0058.83,-0000.13,-0017.98
-0046.99,-0059.96,-0000.56,-0019.45
-0048.34,-0060.66,-0000.88,-0014.28
-0049.63,-0057.92,-0001.34,-0020.90
-0050.71,-0048.95,-0001.86,-0023.60
-0051.59,-0039.51,-0002.54,-0030.26
-0052.55,-0043.11,-0003.09,-0025.03
-0053.47,-0041.81,-0003.40,-0013.87
-0054.38,-0041.44,-0003.63,-0010.41
-0055.10,-0032.50,-0003.58,00001.99
-0055.60,-0022.90,-0003.86,-0012.85
-0055.74,-0006.44,-0004.15,-0012.75
-0055.65,00004.10,-0004.28,-0006.06
-0055.34,00013.82,-0004.34,-0002.58
-0054.73,00027.90,-0003.93,00018.54
-0053.84,00040.18,-0002.67,00056.98
-0052.91,00042.28,-0000.67,00090.26
-0052.01,00040.24,00001.40,00093.37
-0051.22,00036.09,00003.04,00075.11
-0050.51,00032.22,00004.01,00043.92
-0049.94,00026.35,00004.39,00017.37
-0049.56,00017.61,00004.37,-0000.56
-0049.21,00016.21,00004.36,-0000.61
-0048.93,00013.00,00004.49,00005.97
-0048.78,00006.44,00004.78,00013.10
-0048.68,00004.48,00005.29,00022.89
-0048.57,00004.97,00005.93,00028.84
-0048.53,00001.92,00006.74,00036.71
-0048.54,-0000.29,00007.66,00041.85
-0048.57,-0001.48,00008.67,00044.97
-0048.63,-0002.67,00009.61,00041.75
-0048.83,-0009.14,00010.33,00032.53
-0049.18,-0016.09,00010.82,00022.13
-0049.53,-0015.71,00011.15,00014.79
-0049.84,-0013.77,00011.39,00011.31
-0050.20,-0016.14,00011.49,00004.25
-0050.47,-0012.09,00011.49,-0000.04
-0050.68,-0009.22,00011.39,-0004.65
-0050.74,-0002.95,00011.18,-0009.58
-0050.76,-0000.99,00010.78,-0018.40
-0050.75,00000.66,00010.32,-0020.22
-0050.72,00001.18,00010.01,-0014.62
-0050.64,00003.87,00009.84,-0007.65
-0050.52,00005.49,00009.69,-0006.75
-0050.45,00002.97,00009.52,-0007.74
-0050.37,00003.74,00009.43,-0004.15
-0050.24,00005.98,00009.39,-0001.66
-0050.08,00007.35,00009.28,-0004.90
-0049.94,00006.37,00009.08,-0009.07
-0049.82,00005.06,00008.77,-0014.18
-0049.82,00000.05,00008.38,-0017.83
-0049.92,-0004.49,00008.15,-0010.13
-0050.16,-0011.11,00008.02,-0006.15
-0050.38,-0009.83,00007.91,-0004.76
-0050.64,-0011.92,00007.88,-0001.45
-0050.78,-0006.09,00007.76,-0005.44
-0050.87,-0004.11,00007.58,-0008.34
-0050.84,00001.43,00007.38,-0009.01
-0050.75,00004.03,00007.24,-0006.50
-0050.65,00004.43,00007.20,-0002.09
-0050.54,00004.84,00007.28,00003.85
-0050.43,00004.85,00007.39,00004.85
-0050.32,00005.13,00007.46,00003.25
-0050.18,00006.49,00007.48,00000.60
-0050.05,00005.90,00007.50,00001.24
-0049.95,00004.17,00007.63,00005.85
-0049.85,00004.73,00007.74,00004.79
-0049.75,00004.40,00007.76,00001.02
-0049.66,00004.12,00007.64,-0005.26
-0049.58,00003.55,00007.49,-0006.74
-0049.57,00000.68,00007.40,-0004.02
-0049.62,-0002.24,00007.27,-0006.04
-0049.72,-0004.50,00007.17,-0004.34
-0049.78,-0002.80,00007.26,00003.86
-0049.86,-0003.56,00007.44,00008.23
-0049.90,-0001.81,00007.71,00012.44
-0049.93,-0001.44,00008.01,00013.65
-0049.96,-0001.51,00008.36,00015.73
-0050.02,-0002.47,00008.70,00015.62
-0050.02,-0000.29,00009.04,00015.10
-0050.03,-0000.29,00009.29,00011.28
-0050.03,00000.03,00009.38,00004.02
-0050.08,-0002.20,00009.34,-0001.53
-0050.19,-0004.89,00009.23,-0005.08
-0050.35,-0007.42,00009.03,-0009.04
-0050.53,-0008.15,00008.81,-0010.22
-0050.73,-0009.20,00008.61,-0008.79
-0050.86,-0005.93,00008.44,-0007.84
-0050.95,-0004.17,00008.28,-0007.20
-0051.00,-0002.11,00008.04,-0011.03
-0051.08,-0003.80,00007.72,-0014.64
-0051.20,-0005.13,00007.34,-0016.74
-0051.29,-0004.37,00006.91,-0019.97
-0051.47,-0008.19,00006.45,-0020.83
-0051.67,-0008.86,00005.83,-0028.27
-0051.89,-0010.22,00005.19,-0029.63
-0052.11,-0009.76,00004.55,-0028.49
-0052.36,-0011.43,00004.07,-0022.13
-0052.56,-0009.21,00003.76,-0013.96
-0052.72,-0007.51,00003.66,-0004.74
-0052.81,-0003.71,00003.71,00002.22
-0052.84,-0001.52,00003.72,00000.79
-0052.86,-0000.99,00003.69,-0001.60
-0052.96,-0004.32,00003.58,-0004.94
-0053.05,-0004.18,00003.49,-0004.15
-0053.15,-0004.45,00003.54,00002.44
-0053.21,-0002.95,00003.66,00005.43
-0053.33,-0005.29,00003.70,00001.72
-0053.50,-0007.64,00003.55,-0006.82
-0053.68,-0008.55,00003.32,-0010.62
-0053.82,-0006.25,00003.03,-0012.66
-0053.91,-0004.19,00002.68,-0016.39
-0053.96,-0001.89,00002.38,-0013.50
-0054.01,-0002.50,00002.19,-0008.54
-0054.05,-0001.79,00002.16,-0001.54
-0054.02,00001.60,00002.20,00001.91
-0053.86,00007.15,00002.37,00007.67
-0053.55,00014.33,00002.77,00018.37
-0053.09,00021.06,00003.34,00026.03
-0052.47,00027.70,00003.96,00027.65
-0051.72,00034.59,00004.41,00020.92
-0050.89,00037.87,00004.68,00012.06
-0050.00,00039.82,00004.69,00000.58
-0049.12,00040.55,00004.53,-0007.35
-0048.23,00039.86,00004.08,-0020.10
-0047.50,00033.28,00003.46,-0028.59
-0046.73,00035.00,00002.69,-0034.61
-0046.07,00030.13,00001.98,-0032.62
-0045.48,00026.55,00001.44,-0024.16
-0045.11,00016.82,00001.03,-0018.65
-0044.93,00008.04,00000.76,-0012.18
-0044.92,00000.22,00000.52,-0011.16
-0045.14,-0009.70,00000.21,-0013.83
-0045.44,-0013.57,-0000.10,-0014.06
-0045.95,-0023.36,-0000.44,-0015.43
-0046.60,-0029.27,-0000.71,-0012.03
-0047.25,-0029.67,-0000.74,-0001.42
-0047.92,-0030.26,-0000.65,00004.02
-0048.61,-0031.29,-0000.46,00008.51
-0049.33,-0032.48,-0000.27,00008.27
-0050.08,-0034.10,-0000.08,00009.15
-0050.79,-0032.65,00000.18,00011.85
-0051.46,-0029.88,00000.56,00016.98
-0052.04,-0026.74,00001.08,00023.99
-0052.49,-0020.25,00001.72,00028.70
-0052.79,-0013.60,00002.39,00030.45
-0052.91,-0005.80,00002.97,00026.25
-0052.89,00001.26,00003.41,00019.90
-0052.65,00010.91,00003.66,00011.08
-0052.19,00020.83,00003.84,00008.26
-0051.35,00038.16,00004.23,00017.59
-0050.73,00028.36,00004.70,00021.60
-0050.15,00025.89,00005.09,00017.58
-0049.47,00030.82,00005.18,00004.01
-0048.72,00033.31,00004.90,-0012.15
-0048.19,00023.35,00004.43,-0020.78
-0048.14,00002.45,00004.23,-0009.28
